(0.0, 1647927400.200164)
(0.0, 1647927400.230029)
(0.0, 1647927400.2459898)
(0.0, 1647927400.260618)
(0.0, 1647927400.2903612)
(0.0, 1647927400.3061051)
(0.0, 1647927400.335537)
(0.0, 1647927400.3510761)
(0.0, 1647927400.3654752)
(0.0, 1647927400.3959308)
(0.0, 1647927400.41092)
(0.0, 1647927400.4261172)
(0.0, 1647927400.440972)
(0.0, 1647927400.470525)
(0.0, 1647927400.486439)
(0.0, 1647927400.500493)
(0.0, 1647927400.5305998)
(0.0, 1647927400.545984)
(0.0, 1647927400.560493)
(0.0, 1647927400.576067)
(0.0, 1647927400.590952)
(0.0, 1647927400.606267)
(0.0, 1647927400.621195)
(0.0, 1647927400.636066)
(0.0, 1647927400.650605)
(0.0, 1647927400.666094)
(0.0, 1647927400.6808908)
(0.0, 1647927400.695987)
(0.0, 1647927400.711359)
(0.0, 1647927400.740661)
(0.0, 1647927400.7555158)
(0.0, 1647927400.771143)
(0.0, 1647927400.7859159)
(0.0, 1647927400.815583)
(0.0, 1647927400.830675)
(0.0, 1647927400.860508)
(0.0, 1647927400.87627)
(0.0, 1647927400.890938)
(0.0, 1647927400.920884)
(0.0, 1647927400.936181)
(0.0, 1647927400.965764)
(0.0, 1647927400.980603)
(0.0, 1647927401.010554)
(0.0, 1647927401.0260968)
(0.0, 1647927401.0550349)
(0.0, 1647927401.070438)
(0.0, 1647927401.085388)
(0.0, 1647927401.100978)
(0.0, 1647927401.1160178)
(0.0, 1647927401.130291)
(0.0, 1647927401.145374)
(0.0, 1647927401.175353)
(0.0, 1647927401.1759622)
(0.0, 1647927401.190719)
(0.0, 1647927401.205388)
(0.0, 1647927401.220306)
(0.0, 1647927401.2358248)
(0.0, 1647927401.250666)
(0.0, 1647927401.2660658)
(0.0, 1647927401.2809641)
(0.0, 1647927401.2954938)
(0.0, 1647927401.311397)
(0.0, 1647927401.325578)
(0.0, 1647927401.340437)
(0.0, 1647927401.355764)
(0.0, 1647927401.370927)
(0.0, 1647927401.385709)
(0.0, 1647927401.4004962)
(0.0, 1647927401.415968)
(0.0, 1647927401.4310489)
(0.0, 1647927401.445503)
(0.0, 1647927401.460961)
(0.0, 1647927401.476287)
(0.0, 1647927401.489915)
(0.0, 1647927401.520023)
(0.0, 1647927401.549702)
(0.0, 1647927401.564802)
(0.0, 1647927401.595077)
(0.0, 1647927401.610616)
(0.0, 1647927401.640343)
(0.0, 1647927401.655401)
(0.0, 1647927401.670897)
(0.0, 1647927401.700015)
(0.0, 1647927401.71506)
(0.0, 1647927401.729764)
(0.0, 1647927401.759727)
(0.0, 1647927401.775071)
(0.0, 1647927401.790826)
(0.0, 1647927401.819914)
(0.0, 1647927401.835007)
(0.0, 1647927401.849757)
(0.0, 1647927401.8800309)
(0.0, 1647927401.8948128)
(0.0, 1647927401.924791)
(0.0, 1647927401.9548311)
(0.0, 1647927401.970103)
(0.0, 1647927401.999685)
(0.0, 1647927402.02972)
(0.0, 1647927402.0448298)
(0.0, 1647927402.074744)
(0.0, 1647927402.0905752)
(0.0, 1647927402.1197429)
(0.0, 1647927402.1350348)
(0.0, 1647927402.150655)
(0.0, 1647927402.195595)
(0.0, 1647927402.20984)
(0.0, 1647927402.239966)
(0.0, 1647927402.270546)
(50.0, 1647927402.314772)
(68.06640625, 1647927402.346088)
(68.06640625, 1647927402.3606641)
(54.300209045410156, 1647927402.375904)
(54.300209045410156, 1647927402.389958)
(55.26272964477539, 1647927402.405028)
(55.26272964477539, 1647927402.405547)
(55.755245208740234, 1647927402.436051)
(55.755245208740234, 1647927402.436105)
(56.09658432006836, 1647927402.466064)
(56.09658432006836, 1647927402.466124)
(56.34203338623047, 1647927402.510487)
(56.34203338623047, 1647927402.5251908)
(56.52265167236328, 1647927402.555617)
(56.52265167236328, 1647927402.556064)
(56.67302703857422, 1647927402.584772)
(56.67302703857422, 1647927402.58516)
(56.79538345336914, 1647927402.6146822)
(56.79538345336914, 1647927402.629733)
(56.89988708496094, 1647927402.660523)
(56.89988708496094, 1647927402.675476)
(56.99652862548828, 1647927402.720494)
(56.99652862548828, 1647927402.735594)
(54.44087600708008, 1647927402.750846)
(54.44087600708008, 1647927402.765422)
(53.066768646240234, 1647927402.7964559)
(53.066768646240234, 1647927402.796552)
(50.737125396728516, 1647927402.840676)
(50.737125396728516, 1647927402.841003)
(50.0, 1647927402.870455)
(50.0, 1647927402.885777)
(50.0, 1647927402.915665)
(50.0, 1647927402.916089)
(50.0, 1647927402.960686)
(50.0, 1647927402.961113)
(50.0, 1647927402.9904242)
(50.0, 1647927403.005706)
(50.0, 1647927403.0210502)
(50.0, 1647927403.021111)
(50.0, 1647927403.05069)
(50.0, 1647927403.051116)
(50.0, 1647927403.080496)
(50.0, 1647927403.095619)
(50.0, 1647927403.125602)
(50.0, 1647927403.1260538)
(50.0, 1647927403.15562)
(50.0, 1647927403.156024)
(50.0, 1647927403.171104)
(50.0, 1647927403.1860218)
(50.0, 1647927403.215414)
(50.0, 1647927403.24503)
(50.0, 1647927403.275677)
(50.0, 1647927403.276149)
(50.0, 1647927403.320607)
(50.0, 1647927403.320927)
(50.0, 1647927403.35059)
(50.0, 1647927403.350653)
(50.0, 1647927403.381017)
(50.0, 1647927403.381077)
(50.0, 1647927403.4113338)
(50.0, 1647927403.4261591)
(50.0, 1647927403.455738)
(50.0, 1647927403.470557)
(50.0, 1647927403.500768)
(50.0, 1647927403.515983)
(50.0, 1647927403.5311959)
(50.0, 1647927403.545613)
(50.0, 1647927403.561111)
(50.0, 1647927403.575624)
(50.0, 1647927403.590863)
(50.0, 1647927403.6056588)
(50.0, 1647927403.650721)
(50.0, 1647927403.6512132)
(50.0, 1647927403.680495)
(50.0, 1647927403.6808)
(50.0, 1647927403.710927)
(50.0, 1647927403.710987)
(50.0, 1647927403.7410738)
(50.0, 1647927403.741152)
(50.0, 1647927403.7703831)
(50.0, 1647927403.785362)
(50.0, 1647927403.815534)
(50.0, 1647927403.8305259)
(50.0, 1647927403.860699)
(50.0, 1647927403.8607948)
(50.0, 1647927403.890445)
(50.0, 1647927403.8908842)
(50.0, 1647927403.920834)
(50.0, 1647927403.921144)
(50.0, 1647927403.950586)
(50.0, 1647927403.951048)
(50.0, 1647927403.9812438)
(50.0, 1647927403.981306)
(50.0, 1647927404.011032)
(50.0, 1647927404.0252612)
(50.0, 1647927404.056021)
(50.0, 1647927404.056108)
(50.0, 1647927404.1004941)
(50.0, 1647927404.100815)
(50.0, 1647927404.130284)
(50.0, 1647927404.1455271)
(50.0, 1647927404.1752372)
(50.0, 1647927404.190602)
(50.0, 1647927404.220397)
(50.0, 1647927404.22083)
(50.0, 1647927404.235896)
(50.0, 1647927404.250231)
(50.0, 1647927404.295584)
(50.0, 1647927404.29601)
(50.0, 1647927404.3112361)
(50.0, 1647927404.340341)
(50.0, 1647927404.355818)
(50.0, 1647927404.385529)
(50.0, 1647927404.4008389)
(50.0, 1647927404.415645)
(50.0, 1647927404.4304588)
(50.0, 1647927404.460459)
(50.0, 1647927404.460787)
(50.0, 1647927404.490397)
(50.0, 1647927404.490884)
(50.0, 1647927404.534783)
(50.0, 1647927404.5350451)
(50.0, 1647927404.579519)
(50.0, 1647927404.579721)
(50.0, 1647927404.6247308)
(50.0, 1647927404.639541)
(50.0, 1647927404.6550798)
(50.0, 1647927404.670484)
(50.0, 1647927404.68584)
(50.0, 1647927404.686101)
(50.0, 1647927404.715229)
(50.0, 1647927404.715515)
(50.0, 1647927404.7457159)
(50.0, 1647927404.745777)
(50.0, 1647927404.7755551)
(50.0, 1647927404.789854)
(50.0, 1647927404.8050969)
(50.0, 1647927404.8205702)
(50.0, 1647927404.8351219)
(50.0, 1647927404.835468)
(50.0, 1647927404.864479)
(50.0, 1647927404.879504)
(50.0, 1647927404.909507)
(50.0, 1647927404.909763)
(50.0, 1647927404.939407)
(50.0, 1647927404.9397461)
(50.0, 1647927404.969764)
(50.0, 1647927404.9845881)
(50.0, 1647927404.999705)
(50.0, 1647927405.000266)
(50.0, 1647927405.029428)
(50.0, 1647927405.029685)
(50.0, 1647927405.059541)
(50.0, 1647927405.089819)
(50.0, 1647927405.1061509)
(50.0, 1647927405.149591)
(50.0, 1647927405.1647098)
(50.0, 1647927405.194422)
(50.0, 1647927405.210222)
(50.0, 1647927405.225541)
(50.0, 1647927405.2703402)
(50.0, 1647927405.300137)
(0.0, 1647927405.330196)
(0.0, 1647927405.3751419)
(0.0, 1647927405.390826)
(0.0, 1647927405.420353)
(0.0, 1647927405.4499068)
(0.0, 1647927405.4804401)
(0.0, 1647927405.480902)
(0.0, 1647927405.509644)
(0.0, 1647927405.524802)
(0.0, 1647927405.5397189)
(0.0, 1647927405.5709078)
(0.0, 1647927405.5856)
(0.0, 1647927405.6145542)
(0.0, 1647927405.6444218)
(0.0, 1647927405.66029)
(0.0, 1647927405.675157)
(0.0, 1647927405.690376)
(0.0, 1647927405.70479)
(0.0, 1647927405.7343628)
(0.0, 1647927405.74956)
(0.0, 1647927405.7645261)
(0.0, 1647927405.795134)
(0.0, 1647927405.810553)
(0.0, 1647927405.840501)
(0.0, 1647927405.8550441)
(0.0, 1647927405.8703942)
(0.0, 1647927405.900312)
(0.0, 1647927405.914958)
(0.0, 1647927405.930479)
(0.0, 1647927405.960317)
(0.0, 1647927405.975148)
(0.0, 1647927405.99068)
(0.0, 1647927406.0058482)
(0.0, 1647927406.035371)
(0.0, 1647927406.0501592)
(0.0, 1647927406.0653849)
(0.0, 1647927406.080632)
(0.0, 1647927406.110175)
(0.0, 1647927406.1259258)
(0.0, 1647927406.140233)
(0.0, 1647927406.170149)
(0.0, 1647927406.185737)
(0.0, 1647927406.200143)
(0.0, 1647927406.215256)
(0.0, 1647927406.230433)
(0.0, 1647927406.2456598)
(0.0, 1647927406.259996)
(0.0, 1647927406.3051388)
(0.0, 1647927406.3200152)
(0.0, 1647927406.3349729)
(0.0, 1647927406.3650508)
(0.0, 1647927406.3802738)
(0.0, 1647927406.3955688)
(0.0, 1647927406.396188)
(0.0, 1647927406.425531)
(0.0, 1647927406.426023)
(0.0, 1647927406.440907)
(0.0, 1647927406.455873)
(0.0, 1647927406.470575)
(0.0, 1647927406.4853299)
(0.0, 1647927406.5148852)
(0.0, 1647927406.559955)
(0.0, 1647927406.574655)
(0.0, 1647927406.5901482)
(0.0, 1647927406.605527)
(0.0, 1647927406.634657)
(0.0, 1647927406.649699)
(0.0, 1647927406.679508)
(0.0, 1647927406.6945322)
(0.0, 1647927406.724863)
(0.0, 1647927406.769822)
(0.0, 1647927406.799563)
(0.0, 1647927406.814443)
(0.0, 1647927406.859675)
(0.0, 1647927406.875554)
(0.0, 1647927406.9048488)
(0.0, 1647927406.9343958)
(0.0, 1647927406.96494)
(0.0, 1647927406.994699)
(0.0, 1647927407.0250041)
(0.0, 1647927407.039818)
(0.0, 1647927407.0847518)
(0.0, 1647927407.085488)
(0.0, 1647927407.114602)
(0.0, 1647927407.130569)
(0.0, 1647927407.1448529)
(0.0, 1647927407.1604302)
(0.0, 1647927407.1613739)
(0.0, 1647927407.1753778)
(0.0, 1647927407.204898)
(0.0, 1647927407.205583)
(0.0, 1647927407.220122)
(0.0, 1647927407.235053)
(0.0, 1647927407.2494981)
(0.0, 1647927407.280597)
(0.0, 1647927407.2959309)
(0.0, 1647927407.340123)
(0.0, 1647927407.340631)
(0.0, 1647927407.3996391)
