(701.0, 1647395164.859825)
(701.0, 1647395164.859993)
(700.0, 1647395164.8601222)
(700.0, 1647395164.8603368)
(691.0, 1647395164.860457)
(691.0, 1647395164.860578)
(675.0, 1647395164.8607)
(675.0, 1647395164.860833)
(639.0, 1647395164.860957)
(639.0, 1647395164.8610759)
(639.0, 1647395164.861195)
(595.0, 1647395164.8613849)
(595.0, 1647395164.861558)
(535.0, 1647395164.861682)
(535.0, 1647395164.861803)
(535.0, 1647395164.861923)
(481.0, 1647395164.8620422)
(481.0, 1647395164.8621619)
(413.0, 1647395164.862282)
(413.0, 1647395164.8624551)
(413.0, 1647395164.862574)
(344.0, 1647395164.862771)
(344.0, 1647395164.862875)
(272.0, 1647395164.862972)
(272.0, 1647395164.8630662)
(272.0, 1647395164.8631601)
(272.0, 1647395164.863254)
(219.0, 1647395164.863348)
(219.0, 1647395164.863468)
(219.0, 1647395164.863586)
(170.0, 1647395164.863704)
(170.0, 1647395164.8638232)
(142.0, 1647395164.86394)
(142.0, 1647395164.864059)
(127.0, 1647395164.864213)
(127.0, 1647395164.8644202)
(127.0, 1647395164.8645482)
(125.0, 1647395164.86467)
(125.0, 1647395164.8647912)
(129.0, 1647395164.864913)
(129.0, 1647395164.865101)
(134.0, 1647395164.865296)
(134.0, 1647395164.86543)
(144.0, 1647395164.865552)
(144.0, 1647395164.86573)
(150.0, 1647395164.865866)
(150.0, 1647395164.865995)
(150.0, 1647395164.866115)
(162.0, 1647395164.86624)
(162.0, 1647395164.866359)
(162.0, 1647395164.866536)
(172.0, 1647395164.866692)
(172.0, 1647395164.8668642)
(172.0, 1647395164.866993)
(186.0, 1647395164.8671129)
(186.0, 1647395164.8672361)
(186.0, 1647395164.8673558)
(202.0, 1647395164.867477)
(202.0, 1647395164.867598)
(202.0, 1647395164.8677208)
(218.0, 1647395164.867841)
(218.0, 1647395164.867959)
(218.0, 1647395164.868076)
(237.0, 1647395164.868195)
(237.0, 1647395164.868374)
(237.0, 1647395164.86852)
(247.0, 1647395164.868644)
(247.0, 1647395164.868795)
(256.0, 1647395164.8689542)
(256.0, 1647395164.869056)
(256.0, 1647395164.869152)
(262.0, 1647395164.869246)
(262.0, 1647395164.8693419)
(262.0, 1647395164.869441)
(266.0, 1647395164.869535)
(266.0, 1647395164.869629)
(266.0, 1647395164.8697212)
(268.0, 1647395164.869817)
(268.0, 1647395164.869911)
(268.0, 1647395164.870005)
(268.0, 1647395164.8700988)
(269.0, 1647395164.870192)
(269.0, 1647395164.870286)
(269.0, 1647395164.87038)
(269.0, 1647395164.870473)
(269.0, 1647395164.8705668)
(269.0, 1647395164.870661)
(267.0, 1647395164.870754)
(267.0, 1647395164.8710048)
(267.0, 1647395164.871135)
(268.0, 1647395164.871234)
(268.0, 1647395164.87133)
(268.0, 1647395164.871427)
(266.0, 1647395164.8715231)
(266.0, 1647395164.871618)
(266.0, 1647395164.871713)
(266.0, 1647395164.8718069)
(268.0, 1647395164.871903)
(268.0, 1647395164.8719969)
(268.0, 1647395164.87209)
(267.0, 1647395164.872184)
(267.0, 1647395164.87236)
(267.0, 1647395164.872503)
(266.0, 1647395164.872632)
(266.0, 1647395164.872734)
(266.0, 1647395164.872829)
(266.0, 1647395164.872923)
(266.0, 1647395164.873016)
(266.0, 1647395164.873109)
(266.0, 1647395164.873205)
(266.0, 1647395164.873298)
(266.0, 1647395164.8733912)
(266.0, 1647395164.873483)
(266.0, 1647395164.873576)
(266.0, 1647395164.873672)
(267.0, 1647395164.873766)
(267.0, 1647395164.8738601)
(267.0, 1647395164.873954)
(267.0, 1647395164.874047)
(270.0, 1647395164.874222)
(270.0, 1647395164.874341)
(270.0, 1647395164.874437)
(266.0, 1647395164.874532)
(266.0, 1647395164.8746262)
(266.0, 1647395164.874719)
(269.0, 1647395164.874812)
(269.0, 1647395164.874905)
(269.0, 1647395164.874997)
(264.0, 1647395164.8750908)
(264.0, 1647395164.8753002)
(264.0, 1647395164.875477)
(270.0, 1647395164.875616)
(270.0, 1647395164.875751)
(270.0, 1647395164.875886)
(267.0, 1647395164.87602)
(267.0, 1647395164.8761542)
(267.0, 1647395164.876288)
(267.0, 1647395164.8764212)
(265.0, 1647395164.876556)
(265.0, 1647395164.876711)
(265.0, 1647395164.8768482)
(265.0, 1647395164.876983)
(265.0, 1647395164.877117)
(265.0, 1647395164.8772511)
(267.0, 1647395164.877385)
(267.0, 1647395164.8775191)
(268.0, 1647395164.877653)
(268.0, 1647395164.8777869)
(268.0, 1647395164.877922)
(264.0, 1647395164.878056)
(264.0, 1647395164.87819)
(264.0, 1647395164.8783228)
(266.0, 1647395164.878457)
(266.0, 1647395164.878591)
(266.0, 1647395164.878724)
(266.0, 1647395164.878857)
(266.0, 1647395164.8789918)
(266.0, 1647395164.8791249)
(266.0, 1647395164.8792589)
(267.0, 1647395164.879392)
(267.0, 1647395164.8795252)
(267.0, 1647395164.879658)
(266.0, 1647395164.8797922)
(266.0, 1647395164.879925)
(266.0, 1647395164.880058)
(270.0, 1647395164.880192)
(270.0, 1647395164.8803258)
(270.0, 1647395164.880459)
(267.0, 1647395164.8805919)
(267.0, 1647395164.880725)
(267.0, 1647395164.8808582)
(267.0, 1647395164.880994)
(265.0, 1647395164.8811269)
(265.0, 1647395164.881262)
(265.0, 1647395164.8813949)
(268.0, 1647395164.8815281)
(268.0, 1647395164.881662)
(268.0, 1647395164.8817952)
(266.0, 1647395164.881928)
(266.0, 1647395164.882061)
(266.0, 1647395164.8821938)
(266.0, 1647395164.882327)
(266.0, 1647395164.8825119)
(266.0, 1647395164.882699)
(268.0, 1647395164.882835)
(268.0, 1647395164.8829691)
(268.0, 1647395164.883135)
(270.0, 1647395164.883268)
(270.0, 1647395164.8834019)
(270.0, 1647395164.8835368)
(270.0, 1647395164.88367)
(265.0, 1647395164.883805)
(265.0, 1647395164.883939)
(265.0, 1647395164.8840718)
(265.0, 1647395164.884205)
(265.0, 1647395164.884338)
(268.0, 1647395164.884471)
(268.0, 1647395164.884606)
(268.0, 1647395164.88474)
(265.0, 1647395164.884873)
(265.0, 1647395164.8850071)
(265.0, 1647395164.885144)
(265.0, 1647395164.88528)
(268.0, 1647395164.885451)
(268.0, 1647395164.885741)
(268.0, 1647395164.8859541)
(267.0, 1647395164.886071)
(267.0, 1647395164.886244)
(267.0, 1647395164.886453)
(269.0, 1647395164.886602)
(269.0, 1647395164.886699)
(269.0, 1647395164.886797)
(265.0, 1647395164.8868911)
(265.0, 1647395164.8869839)
(265.0, 1647395164.8870761)
(266.0, 1647395164.8871691)
(266.0, 1647395164.887263)
(266.0, 1647395164.8873549)
(265.0, 1647395164.887448)
(265.0, 1647395164.8875399)
(265.0, 1647395164.887634)
(265.0, 1647395164.887727)
(266.0, 1647395164.887818)
(266.0, 1647395164.8879108)
(266.0, 1647395164.888005)
(265.0, 1647395164.888097)
(265.0, 1647395164.88819)
(265.0, 1647395164.8882902)
(264.0, 1647395164.888391)
(264.0, 1647395164.888484)
(264.0, 1647395164.888577)
(260.0, 1647395164.88867)
(260.0, 1647395164.888762)
(260.0, 1647395164.8888571)
(260.0, 1647395164.888949)
(267.0, 1647395164.889041)
(267.0, 1647395164.889133)
(267.0, 1647395164.889225)
(264.0, 1647395164.889317)
(264.0, 1647395164.88941)
(264.0, 1647395164.889502)
(267.0, 1647395164.8895948)
(267.0, 1647395164.889687)
(267.0, 1647395164.8897789)
(267.0, 1647395164.8898711)
(267.0, 1647395164.889963)
(267.0, 1647395164.890055)
(265.0, 1647395164.890288)
(265.0, 1647395164.890431)
(265.0, 1647395164.8905332)
(263.0, 1647395164.890642)
(263.0, 1647395164.890746)
(263.0, 1647395164.8908448)
(265.0, 1647395164.890947)
(265.0, 1647395164.891045)
(265.0, 1647395164.891144)
(265.0, 1647395164.8912482)
(265.0, 1647395164.891357)
(265.0, 1647395164.891466)
(264.0, 1647395164.891574)
(264.0, 1647395164.891684)
(264.0, 1647395164.8917918)
(267.0, 1647395164.8918998)
(267.0, 1647395164.892009)
(267.0, 1647395164.892117)
(264.0, 1647395164.892226)
(264.0, 1647395164.892334)
(264.0, 1647395164.892443)
(264.0, 1647395164.892552)
(268.0, 1647395164.892661)
(268.0, 1647395164.892771)
(264.0, 1647395164.89288)
(264.0, 1647395164.892989)
(264.0, 1647395164.8930979)
(265.0, 1647395164.8932061)
(265.0, 1647395164.893315)
(265.0, 1647395164.893424)
(269.0, 1647395164.893533)
(269.0, 1647395164.893642)
(266.0, 1647395164.8937511)
(266.0, 1647395164.89386)
(266.0, 1647395164.8939688)
(266.0, 1647395164.894093)
(266.0, 1647395164.894204)
(265.0, 1647395164.8943129)
(265.0, 1647395164.894421)
(265.0, 1647395164.89453)
(266.0, 1647395164.894639)
(266.0, 1647395164.8947468)
(266.0, 1647395164.894856)
(269.0, 1647395164.894997)
(269.0, 1647395164.8952398)
(269.0, 1647395164.895388)
(267.0, 1647395164.895487)
(267.0, 1647395164.895581)
(265.0, 1647395164.8956742)
(265.0, 1647395164.895767)
(265.0, 1647395164.895859)
(267.0, 1647395164.895952)
(267.0, 1647395164.896044)
(264.0, 1647395164.896169)
(264.0, 1647395164.896649)
(264.0, 1647395164.906945)
