(216.0, 1647821243.370742)
(216.0, 1647821243.401324)
(216.0, 1647821243.416615)
(215.0, 1647821243.4170399)
(215.0, 1647821243.4456809)
(215.0, 1647821243.4466019)
(215.0, 1647821243.460992)
(215.0, 1647821243.476085)
(217.0, 1647821243.491146)
(217.0, 1647821243.506749)
(217.0, 1647821243.52212)
(217.0, 1647821243.536963)
(217.0, 1647821243.566697)
(217.0, 1647821243.581584)
(217.0, 1647821243.596502)
(218.0, 1647821243.627595)
(218.0, 1647821243.6564858)
(218.0, 1647821243.6865542)
(218.0, 1647821243.716743)
(218.0, 1647821243.731286)
(218.0, 1647821243.7468941)
(218.0, 1647821243.762014)
(218.0, 1647821243.806893)
(221.0, 1647821243.8076391)
(221.0, 1647821243.83649)
(221.0, 1647821243.851698)
(221.0, 1647821243.8668082)
(219.0, 1647821243.8966699)
(219.0, 1647821243.9117818)
(219.0, 1647821243.9264681)
(219.0, 1647821243.941677)
(219.0, 1647821243.957097)
(219.0, 1647821243.986614)
(219.0, 1647821244.001657)
(219.0, 1647821244.031538)
(219.0, 1647821244.046598)
(219.0, 1647821244.076409)
(219.0, 1647821244.106517)
(219.0, 1647821244.136414)
(219.0, 1647821244.166694)
(219.0, 1647821244.1816058)
(219.0, 1647821244.211597)
(219.0, 1647821244.2272189)
(219.0, 1647821244.256543)
(219.0, 1647821244.286552)
(219.0, 1647821244.301444)
(219.0, 1647821244.3313541)
(219.0, 1647821244.346825)
(219.0, 1647821244.376482)
(219.0, 1647821244.392034)
(219.0, 1647821244.4062212)
(219.0, 1647821244.436673)
(219.0, 1647821244.451442)
(219.0, 1647821244.4813702)
(224.0, 1647821244.4970932)
(224.0, 1647821244.512147)
(224.0, 1647821244.527331)
(224.0, 1647821244.541476)
(224.0, 1647821244.5564291)
(224.0, 1647821244.556849)
(215.0, 1647821244.571824)
(215.0, 1647821244.5869708)
(215.0, 1647821244.60162)
(215.0, 1647821244.616707)
(215.0, 1647821244.6174212)
(215.0, 1647821244.647121)
(215.0, 1647821244.662147)
(217.0, 1647821244.691283)
(217.0, 1647821244.706521)
(217.0, 1647821244.721353)
(217.0, 1647821244.751418)
(217.0, 1647821244.7667332)
(221.0, 1647821244.7967849)
(221.0, 1647821244.812168)
(221.0, 1647821244.826559)
(221.0, 1647821244.856436)
(214.0, 1647821244.87148)
(214.0, 1647821244.886346)
(214.0, 1647821244.901962)
(214.0, 1647821244.9167209)
(214.0, 1647821244.946623)
(217.0, 1647821244.961514)
(217.0, 1647821244.976361)
(217.0, 1647821245.007054)
(217.0, 1647821245.021445)
(217.0, 1647821245.050653)
(214.0, 1647821245.065838)
(214.0, 1647821245.080585)
(214.0, 1647821245.1105769)
(214.0, 1647821245.1256452)
(214.0, 1647821245.1408021)
(218.0, 1647821245.1559649)
(218.0, 1647821245.171894)
(218.0, 1647821245.201439)
(218.0, 1647821245.2164779)
(218.0, 1647821245.231494)
(218.0, 1647821245.246506)
(213.0, 1647821245.261612)
(213.0, 1647821245.291496)
(213.0, 1647821245.305855)
(213.0, 1647821245.320789)
(213.0, 1647821245.351563)
(214.0, 1647821245.366692)
(214.0, 1647821245.410537)
(214.0, 1647821245.4257212)
(214.0, 1647821245.455616)
(219.0, 1647821245.470874)
(219.0, 1647821245.485922)
(219.0, 1647821245.515529)
(219.0, 1647821245.530646)
(219.0, 1647821245.545554)
(219.0, 1647821245.560828)
(219.0, 1647821245.605799)
(219.0, 1647821245.620803)
(219.0, 1647821245.6358678)
(218.0, 1647821245.650901)
(218.0, 1647821245.6659079)
(218.0, 1647821245.695539)
(218.0, 1647821245.710724)
(218.0, 1647821245.725538)
(217.0, 1647821245.7408772)
(217.0, 1647821245.7560372)
(217.0, 1647821245.801567)
(217.0, 1647821245.8163462)
(217.0, 1647821245.845548)
(218.0, 1647821245.860874)
(218.0, 1647821245.891371)
(218.0, 1647821245.921389)
(218.0, 1647821245.9356642)
(216.0, 1647821245.966031)
(216.0, 1647821245.9818518)
(216.0, 1647821246.011276)
(216.0, 1647821246.040572)
(212.0, 1647821246.055562)
(212.0, 1647821246.086288)
(212.0, 1647821246.1018581)
(212.0, 1647821246.1305559)
(216.0, 1647821246.160477)
(216.0, 1647821246.1756349)
(216.0, 1647821246.206353)
(216.0, 1647821246.2218702)
(217.0, 1647821246.250441)
(217.0, 1647821246.28055)
(217.0, 1647821246.2959092)
(217.0, 1647821246.326358)
(212.0, 1647821246.342067)
(212.0, 1647821246.371453)
(212.0, 1647821246.402049)
(215.0, 1647821246.41743)
(215.0, 1647821246.43136)
(215.0, 1647821246.4470642)
(215.0, 1647821246.461455)
(215.0, 1647821246.4771469)
(215.0, 1647821246.4912949)
(219.0, 1647821246.5071611)
(219.0, 1647821246.52116)
(219.0, 1647821246.5370948)
(219.0, 1647821246.5513039)
(219.0, 1647821246.567126)
(219.0, 1647821246.5964658)
(219.0, 1647821246.626598)
(219.0, 1647821246.6414452)
(220.0, 1647821246.6566741)
(220.0, 1647821246.657111)
(220.0, 1647821246.686422)
(220.0, 1647821246.702133)
(212.0, 1647821246.7170088)
(212.0, 1647821246.732021)
(212.0, 1647821246.745748)
(212.0, 1647821246.760997)
(212.0, 1647821246.761607)
(212.0, 1647821246.775955)
(212.0, 1647821246.7916129)
(212.0, 1647821246.8214002)
(212.0, 1647821246.836503)
(212.0, 1647821246.836808)
(212.0, 1647821246.866227)
(212.0, 1647821246.881977)
(204.0, 1647821246.897075)
(204.0, 1647821246.912241)
(204.0, 1647821246.926389)
(204.0, 1647821246.941629)
(204.0, 1647821246.942136)
(204.0, 1647821246.971798)
(204.0, 1647821246.972438)
(204.0, 1647821247.0016892)
(195.0, 1647821247.002133)
(195.0, 1647821247.031682)
(195.0, 1647821247.032186)
(195.0, 1647821247.061632)
(195.0, 1647821247.06203)
(195.0, 1647821247.077067)
(194.0, 1647821247.0920691)
(194.0, 1647821247.1067688)
(194.0, 1647821247.121542)
(194.0, 1647821247.1364841)
(194.0, 1647821247.136828)
(194.0, 1647821247.152033)
(194.0, 1647821247.1667898)
(190.0, 1647821247.1815062)
(190.0, 1647821247.19644)
(190.0, 1647821247.1969101)
(190.0, 1647821247.2118242)
(190.0, 1647821247.2268941)
(190.0, 1647821247.241279)
(190.0, 1647821247.256439)
(190.0, 1647821247.2712278)
(190.0, 1647821247.2868779)
(188.0, 1647821247.3020291)
(188.0, 1647821247.3315918)
(188.0, 1647821247.346581)
(188.0, 1647821247.361509)
(188.0, 1647821247.362015)
(188.0, 1647821247.3769758)
(211.0, 1647821247.39202)
(211.0, 1647821247.406328)
(211.0, 1647821247.4215329)
(211.0, 1647821247.422215)
(211.0, 1647821247.436888)
(211.0, 1647821247.4518359)
(211.0, 1647821247.466325)
(206.0, 1647821247.481558)
(206.0, 1647821247.482068)
(206.0, 1647821247.4969652)
(206.0, 1647821247.511965)
(206.0, 1647821247.526338)
(206.0, 1647821247.5415978)
(206.0, 1647821247.556604)
(206.0, 1647821247.557525)
(206.0, 1647821247.571483)
(204.0, 1647821247.601144)
(204.0, 1647821247.6314728)
(204.0, 1647821247.646462)
(204.0, 1647821247.661431)
(204.0, 1647821247.661828)
(197.0, 1647821247.676874)
(197.0, 1647821247.691626)
(197.0, 1647821247.706526)
(197.0, 1647821247.721357)
(197.0, 1647821247.736416)
(197.0, 1647821247.736844)
(197.0, 1647821247.751678)
(197.0, 1647821247.7668428)
(202.0, 1647821247.781278)
(202.0, 1647821247.796709)
(202.0, 1647821247.8113139)
(202.0, 1647821247.826518)
(202.0, 1647821247.826894)
(202.0, 1647821247.841411)
(202.0, 1647821247.856695)
(201.0, 1647821247.871317)
(201.0, 1647821247.886631)
(201.0, 1647821247.8870049)
(201.0, 1647821247.901803)
(201.0, 1647821247.9167612)
(201.0, 1647821247.931423)
(201.0, 1647821247.946432)
(201.0, 1647821247.9470139)
(197.0, 1647821247.961646)
(197.0, 1647821247.9771929)
(197.0, 1647821247.991391)
(197.0, 1647821248.006509)
(197.0, 1647821248.0068412)
(197.0, 1647821248.021676)
(197.0, 1647821248.036737)
(197.0, 1647821248.0513558)
(200.0, 1647821248.066368)
(200.0, 1647821248.066847)
(200.0, 1647821248.081422)
(200.0, 1647821248.096965)
(200.0, 1647821248.1106)
(200.0, 1647821248.125507)
(200.0, 1647821248.126302)
(200.0, 1647821248.140408)
(200.0, 1647821248.15573)
(200.0, 1647821248.170837)
(204.0, 1647821248.18536)
(204.0, 1647821248.200557)
(204.0, 1647821248.201344)
(204.0, 1647821248.215774)
(204.0, 1647821248.2317371)
(204.0, 1647821248.246241)
(218.0, 1647821248.26134)
(218.0, 1647821248.261761)
(218.0, 1647821248.29158)
(218.0, 1647821248.2923331)
(218.0, 1647821248.321292)
(218.0, 1647821248.335526)
(218.0, 1647821248.351053)
(219.0, 1647821248.38064)
(219.0, 1647821248.395414)
(219.0, 1647821248.410475)
(219.0, 1647821248.425738)
(219.0, 1647821248.4412868)
(219.0, 1647821248.470505)
(219.0, 1647821248.485579)
(219.0, 1647821248.500461)
(219.0, 1647821248.516067)
(219.0, 1647821248.530807)
(219.0, 1647821248.5613198)
(201.0, 1647821248.575649)
(201.0, 1647821248.590552)
(201.0, 1647821248.605736)
(201.0, 1647821248.620745)
(201.0, 1647821248.6504052)
(202.0, 1647821248.665459)
(202.0, 1647821248.680421)
(202.0, 1647821248.696119)
(202.0, 1647821248.710763)
(202.0, 1647821248.740476)
(194.0, 1647821248.75549)
(194.0, 1647821248.7704031)
(194.0, 1647821248.785805)
(194.0, 1647821248.8006778)
(194.0, 1647821248.8313248)
(194.0, 1647821248.8462248)
(194.0, 1647821248.861397)
(194.0, 1647821248.875749)
(194.0, 1647821248.891218)
(194.0, 1647821248.921176)
(194.0, 1647821248.936697)
(194.0, 1647821248.950529)
(166.0, 1647821248.980356)
(166.0, 1647821248.981226)
(166.0, 1647821248.9957278)
(166.0, 1647821249.011845)
(166.0, 1647821249.026426)
(154.0, 1647821249.0415208)
(154.0, 1647821249.042217)
(154.0, 1647821249.056837)
(154.0, 1647821249.071888)
(154.0, 1647821249.086329)
(154.0, 1647821249.1012008)
(154.0, 1647821249.101728)
(154.0, 1647821249.116053)
(156.0, 1647821249.13079)
(156.0, 1647821249.1318269)
(156.0, 1647821249.1611352)
(156.0, 1647821249.1764429)
(156.0, 1647821249.1769521)
(156.0, 1647821249.19167)
(156.0, 1647821249.2063339)
(156.0, 1647821249.2069461)
(168.0, 1647821249.2354171)
(168.0, 1647821249.250396)
(168.0, 1647821249.2668009)
(168.0, 1647821249.267429)
(168.0, 1647821249.281239)
(168.0, 1647821249.296876)
(168.0, 1647821249.310855)
(214.0, 1647821249.325363)
(214.0, 1647821249.3404238)
(214.0, 1647821249.341307)
(214.0, 1647821249.355712)
(214.0, 1647821249.3709261)
(214.0, 1647821249.3863602)
(214.0, 1647821249.4014049)
(214.0, 1647821249.401908)
(214.0, 1647821249.416781)
(233.0, 1647821249.4319391)
(233.0, 1647821249.446476)
(233.0, 1647821249.461418)
(233.0, 1647821249.462074)
(233.0, 1647821249.476863)
(233.0, 1647821249.491799)
(233.0, 1647821249.506277)
(270.0, 1647821249.521535)
(270.0, 1647821249.522052)
(270.0, 1647821249.5363781)
(270.0, 1647821249.5519428)
(270.0, 1647821249.5662851)
(270.0, 1647821249.5814002)
(270.0, 1647821249.581758)
(270.0, 1647821249.596904)
(270.0, 1647821249.611796)
(333.0, 1647821249.626326)
(333.0, 1647821249.6413922)
(333.0, 1647821249.641851)
(333.0, 1647821249.656597)
(333.0, 1647821249.6720462)
(333.0, 1647821249.686403)
(333.0, 1647821249.701194)
(333.0, 1647821249.701617)
(403.0, 1647821249.7168798)
(403.0, 1647821249.7320142)
(403.0, 1647821249.7465038)
(403.0, 1647821249.761596)
(403.0, 1647821249.761972)
(403.0, 1647821249.776853)
(403.0, 1647821249.791745)
(403.0, 1647821249.8063009)
(361.0, 1647821249.821562)
(361.0, 1647821249.822002)
(361.0, 1647821249.836664)
(361.0, 1647821249.851647)
(361.0, 1647821249.866401)
(361.0, 1647821249.881376)
(361.0, 1647821249.881931)
(361.0, 1647821249.8967261)
(217.0, 1647821249.911836)
(217.0, 1647821249.926477)
(217.0, 1647821249.941508)
(217.0, 1647821249.941996)
(217.0, 1647821249.956616)
(217.0, 1647821249.986531)
(217.0, 1647821250.0013351)
(59.0, 1647821250.031542)
(59.0, 1647821250.0463989)
(59.0, 1647821250.061332)
(59.0, 1647821250.09179)
(59.0, 1647821250.092096)
(115.0, 1647821250.121345)
(115.0, 1647821250.136773)
(115.0, 1647821250.1508448)
(115.0, 1647821250.196289)
(115.0, 1647821250.211554)
(127.0, 1647821250.226142)
(127.0, 1647821250.2567208)
(127.0, 1647821250.257281)
(127.0, 1647821250.2862751)
(127.0, 1647821250.3015969)
(135.0, 1647821250.316976)
(135.0, 1647821250.346467)
(135.0, 1647821250.361302)
(135.0, 1647821250.376205)
(135.0, 1647821250.391331)
(135.0, 1647821250.406711)
(121.0, 1647821250.451384)
(121.0, 1647821250.466468)
(121.0, 1647821250.481271)
(121.0, 1647821250.4968)
(93.0, 1647821250.511893)
(93.0, 1647821250.5409741)
(93.0, 1647821250.556984)
(93.0, 1647821250.57133)
(68.0, 1647821250.586663)
(68.0, 1647821250.601551)
(68.0, 1647821250.6164072)
(68.0, 1647821250.617168)
(68.0, 1647821250.631775)
(68.0, 1647821250.646709)
(68.0, 1647821250.661385)
(68.0, 1647821250.6620522)
(68.0, 1647821250.676834)
(61.0, 1647821250.6921139)
(61.0, 1647821250.7065651)
(61.0, 1647821250.707009)
(61.0, 1647821250.721781)
(61.0, 1647821250.736907)
(61.0, 1647821250.751376)
(61.0, 1647821250.751764)
(61.0, 1647821250.766869)
(61.0, 1647821250.781719)
(67.0, 1647821250.796323)
(67.0, 1647821250.8118532)
(67.0, 1647821250.826371)
(67.0, 1647821250.8416278)
(67.0, 1647821250.842098)
(67.0, 1647821250.85686)
(67.0, 1647821250.87184)
(63.0, 1647821250.886315)
(63.0, 1647821250.931526)
(63.0, 1647821250.9461381)
(63.0, 1647821250.961604)
(63.0, 1647821250.976755)
(62.0, 1647821250.991681)
(62.0, 1647821251.0063128)
(62.0, 1647821251.0216022)
(62.0, 1647821251.022099)
(62.0, 1647821251.036554)
(62.0, 1647821251.0518599)
(62.0, 1647821251.0655549)
(62.0, 1647821251.0954628)
(62.0, 1647821251.1104739)
(62.0, 1647821251.1112802)
(62.0, 1647821251.140469)
(62.0, 1647821251.141215)
(62.0, 1647821251.155761)
(62.0, 1647821251.1706839)
(63.0, 1647821251.1863291)
(63.0, 1647821251.2012281)
(63.0, 1647821251.201539)
(63.0, 1647821251.216608)
(63.0, 1647821251.231793)
(63.0, 1647821251.246038)
(63.0, 1647821251.2611918)
(63.0, 1647821251.276426)
(61.0, 1647821251.276808)
(61.0, 1647821251.291512)
(61.0, 1647821251.3058739)
(61.0, 1647821251.320758)
(61.0, 1647821251.336289)
(61.0, 1647821251.350765)
(61.0, 1647821251.366053)
(62.0, 1647821251.366594)
(62.0, 1647821251.3806562)
(62.0, 1647821251.395661)
(62.0, 1647821251.4107)
(62.0, 1647821251.425302)
(62.0, 1647821251.4408588)
(62.0, 1647821251.455338)
(62.0, 1647821251.456158)
(62.0, 1647821251.470675)
(62.0, 1647821251.485661)
(62.0, 1647821251.500737)
(62.0, 1647821251.515523)
(62.0, 1647821251.530567)
(62.0, 1647821251.5455449)
(62.0, 1647821251.546402)
(62.0, 1647821251.561003)
(63.0, 1647821251.575861)
(63.0, 1647821251.590709)
(63.0, 1647821251.6056042)
(63.0, 1647821251.606348)
(63.0, 1647821251.635413)
(63.0, 1647821251.6361978)
(63.0, 1647821251.650783)
(67.0, 1647821251.665706)
(67.0, 1647821251.680363)
(67.0, 1647821251.7105348)
(67.0, 1647821251.725708)
(67.0, 1647821251.755456)
(67.0, 1647821251.756314)
(61.0, 1647821251.785378)
(61.0, 1647821251.800791)
(61.0, 1647821251.81535)
(61.0, 1647821251.8463519)
(61.0, 1647821251.861053)
(64.0, 1647821251.8911061)
(64.0, 1647821251.906515)
(64.0, 1647821251.9360561)
(64.0, 1647821251.9663098)
(65.0, 1647821251.981179)
(65.0, 1647821252.011355)
(65.0, 1647821252.011947)
(65.0, 1647821252.041106)
(65.0, 1647821252.0558321)
(61.0, 1647821252.070324)
(61.0, 1647821252.101227)
(61.0, 1647821252.1155782)
(61.0, 1647821252.131365)
(61.0, 1647821252.131766)
(65.0, 1647821252.14656)
(65.0, 1647821252.190363)
(65.0, 1647821252.1913788)
(65.0, 1647821252.2209668)
(65.0, 1647821252.236709)
(65.0, 1647821252.250613)
(65.0, 1647821252.2813241)
(65.0, 1647821252.2967958)
(65.0, 1647821252.32624)
(65.0, 1647821252.371279)
(65.0, 1647821252.401431)
(62.0, 1647821252.4161012)
(62.0, 1647821252.445842)
(62.0, 1647821252.461743)
(63.0, 1647821252.505683)
